iteration    condNo_k1
  0.00   1.00000780
  1.00   1.00001561
  2.00   1.00003121
  3.00   1.00006242
  4.00   1.00012485
  5.00   1.00024972
  6.00   1.00049950
  7.00   1.00099925
  8.00   1.00099925
  9.00   1.00099925
 10.00   1.00099925
 11.00   1.00099925
 12.00   1.00099925
 13.00   1.00099925
 14.00   1.00099925
 15.00   1.00099925
 16.00   1.00099925
 17.00   1.00099925
 18.00   1.00099925
 19.00   1.00099925
 20.00   1.00099925
 21.00   1.00099925
 22.00   1.00099925
 23.00   1.00099925
 24.00   1.00099925
 25.00   1.00099925
 26.00   1.00099925
 27.00   1.00099925
 28.00   1.00099925
 29.00   1.00099925
 30.00   1.00099925
 31.01   1.00099925
 32.01   1.00099925
 33.01   1.00099925
 34.01   1.00099925
 35.01   1.00099925
 36.01   1.00099925
 37.01   1.00099925
 38.01   1.00099925
 39.01   1.00099925
 40.01   1.00099925
 41.01   1.00099925
 42.01   1.00099925
 43.01   1.00099925
 44.01   1.00099925
 45.01   1.00099925
 46.01   1.00099925
 47.01   1.00099925
 48.01   1.00099925
 49.01   1.00099925
 50.01   1.00099925
 51.01   1.00099925
 52.01   1.00099925
 53.01   1.00099925
 54.01   1.00099925
 55.01   1.00099925
 56.01   1.00099925
 57.01   1.00099925
 58.01   1.00099925
 59.01   1.00099925
 60.01   1.00099925
 61.01   1.00099925
 62.01   1.00099925
 63.01   1.00099925
 64.01   1.00099925
 65.01   1.00099925
 66.01   1.00099925
 67.01   1.00099925
 68.01   1.00099925
 69.01   1.00099925
 70.01   1.00099925
 71.01   1.00099925
 72.01   1.00099925
 73.01   1.00099925
 74.01   1.00099925
 75.01   1.00099925
 76.01   1.00099925
 77.01   1.00099925
 78.01   1.00099925
 79.01   1.00099925
 80.01   1.00099925
 81.01   1.00099925
 82.01   1.00099925
 83.01   1.00099925
 84.01   1.00099925
 85.01   1.00099925
 86.01   1.00099925
 87.01   1.00099925
 88.01   1.00099925
 89.01   1.00199947
 90.01   1.00199947
 91.02   1.00199947
 92.02   1.00199947
 93.02   1.00199947
 94.02   1.00199947
 95.02   1.00199947
 96.02   1.00199947
 97.02   1.00199947
 98.02   1.00199947
 99.02   1.00199947
100.02   1.00199947
101.02   1.00199947
102.02   1.00199947
103.02   1.00199947
104.02   1.00199947
105.02   1.00199947
106.02   1.00199947
107.02   1.00199947
108.02   1.00199947
109.02   1.00199947
110.02   1.00199947
111.02   1.00199947
112.02   1.00199947
113.02   1.00199947
114.02   1.00199947
115.02   1.00199947
116.02   1.00199947
117.02   1.00199947
118.02   1.00199947
119.02   1.00199947
120.02   1.00199947
121.02   1.00199947
122.02   1.00199947
123.02   1.00199947
124.02   1.00199947
125.02   1.00199947
126.02   1.00199947
127.02   1.00199947
128.02   1.00199947
129.02   1.00199947
130.02   1.00199947
131.02   1.00199947
132.02   1.00199947
133.02   1.00199947
134.02   1.00199947
135.02   1.00199947
136.02   1.00199947
137.02   1.00199947
138.02   1.00199947
139.02   1.00199947
140.02   1.00199947
141.02   1.00199947
142.02   1.00199947
143.02   1.00199947
144.02   1.00199947
145.02   1.00199947
146.02   1.00199947
147.02   1.00199947
148.02   1.00199947
149.02   1.00199947
150.02   1.00199947
151.02   1.00199947
152.03   1.00199947
153.03   1.00199947
154.03   1.00199947
155.03   1.00199947
156.03   1.00199947
157.03   1.00199947
158.03   1.00199947
159.03   1.00199947
160.03   1.00199947
161.03   1.00199947
162.03   1.00199947
163.03   1.00199947
164.03   1.00199947
165.03   1.00199947
166.03   1.00199947
167.03   1.00199947
168.03   1.00199947
169.03   1.00199947
170.03   1.00199947
171.03   1.00199947
172.03   1.00199947
173.03   1.00199947
174.03   1.00199947
175.03   1.00199947
176.03   1.00199947
177.03   1.00199947
178.03   1.00199947
179.03   1.00199947
180.03   1.00199947
181.03   1.00199947
182.03   1.00199947
183.03   1.00199947
184.03   1.00199947
185.03   1.00199947
186.03   1.00199947
187.03   1.00199947
188.03   1.00199947
189.03   1.00199947
190.03   1.00199947
191.03   1.00199947
192.03   1.00199947
193.03   1.00199947
194.03   1.00199947
195.03   1.00199947
196.03   1.00199947
197.03   1.00199947
198.03   1.00199947
199.03   1.00199947
200.03   1.00199947
201.03   1.00199947
202.03   1.00199947
203.03   1.00199947
204.03   1.00199947
205.03   1.00199947
206.03   1.00199947
207.03   1.00199947
208.03   1.00199947
209.03   1.00199947
210.03   1.00199947
211.03   1.00199947
212.04   1.00199947
213.04   1.00199947
214.04   1.00199947
215.04   1.00199947
216.04   1.00199947
217.04   1.00199947
218.04   1.00199947
219.04   1.00199947
220.04   1.00199947
221.04   1.00199947
222.04   1.00199947
223.04   1.00199947
224.04   1.00199947
225.04   1.00199947
226.04   1.00199947
227.04   1.00199947
228.04   1.00199947
229.04   1.00199947
230.04   1.00199947
231.04   1.00199947
232.04   1.00199947
233.04   1.00199947
234.04   1.00199947
235.04   1.00199947
236.04   1.00199947
237.04   1.00199947
238.04   1.00199947
239.04   1.00199947
240.04   1.00199947
241.04   1.00199947
242.04   1.00199947
243.04   1.00199947
244.04   1.00199947
245.04   1.00199947
246.04   1.00199947
247.04   1.00199947
248.04   1.00199947
249.04   1.00199947
250.04   1.00199947
251.04   1.00199947
252.04   1.00199947
253.04   1.00199947
254.04   1.00199947
255.04   1.00199947
256.04   1.00199947
257.04   1.00199947
258.04   1.00199947
259.04   1.00199947
260.04   1.00199947
261.04   1.00199947
262.04   1.00199947
263.04   1.00199947
264.04   1.00199947
265.04   1.00199947
266.04   1.00199947
267.04   1.00199947
268.04   1.00199947
269.04   1.00199947
270.04   1.00199947
271.04   1.00199947
272.04   1.00199947
273.05   1.00199947
274.05   1.00199947
275.05   1.00199947
276.05   1.00199947
277.05   1.00199947
278.05   1.00199947
279.05   1.00199947
280.05   1.00199947
281.05   1.00199947
282.05   1.00199947
283.05   1.00199947
284.05   1.00199947
285.05   1.00199947
286.05   1.00199947
287.05   1.00199947
288.05   1.00199947
289.05   1.00199947
290.05   1.00199947
291.05   1.00199947
292.05   1.00199947
293.05   1.00199947
294.05   1.00199947
295.05   1.00199947
296.05   1.00199947
297.05   1.00199947
298.05   1.00199947
299.05   1.00199947
300.05   1.00199947
301.05   1.00199947
302.05   1.00199947
303.05   1.00199947
304.05   1.00199947
305.05   1.00199947
306.05   1.00199947
307.05   1.00199947
308.05   1.00199947
309.05   1.00199947
310.05   1.00199947
311.05   1.00199947
312.05   1.00199947
313.05   1.00199947
314.05   1.00199947
315.05   1.00199947
316.05   1.00199947
317.05   1.00199947
318.05   1.00199947
319.05   1.00199947
320.05   1.00199947
321.05   1.00199947
322.05   1.00199947
323.05   1.00199947
324.05   1.00199947
325.05   1.00199947
326.05   1.00199947
327.05   1.00199947
328.05   1.00199947
329.05   1.00199947
330.05   1.00199947
331.05   1.00199947
332.05   1.00199947
333.05   1.00199947
334.06   1.00199947
335.06   1.00199947
336.06   1.00199947
337.06   1.00199947
338.06   1.00199947
339.06   1.00199947
340.06   1.00199947
341.06   1.00199947
342.06   1.00199947
343.06   1.00199947
344.06   1.00199947
345.06   1.00199947
346.06   1.00199947
347.06   1.00199947
348.06   1.00199947
349.06   1.00199947
350.06   1.00199947
351.06   1.00199947
352.06   1.00199947
353.06   1.00199947
354.06   1.00199947
355.06   1.00199947
356.06   1.00199947
357.06   1.00199947
358.06   1.00199947
359.06   1.00199947
360.06   1.00199947
361.06   1.00199947
362.06   1.00199947
363.06   1.00199947
364.06   1.00199947
365.06   1.00199947
366.06   1.00199947
367.06   1.00199947
368.06   1.00199947
369.06   1.00199947
370.06   1.00199947
371.06   1.00199947
372.06   1.00199947
373.06   1.00199947
374.06   1.00199947
375.06   1.00199947
376.06   1.00199947
377.06   1.00199947
378.06   1.00199947
379.06   1.00199947
380.06   1.00199947
381.06   1.00199947
382.06   1.00199947
383.06   1.00199947
384.06   1.00199947
385.06   1.00199947
386.06   1.00199947
387.06   1.00199947
388.06   1.00199947
389.06   1.00199947
390.06   1.00199947
391.06   1.00199947
392.06   1.00199947
393.06   1.00199947
394.07   1.00199947
395.07   1.00199947
396.07   1.00199947
397.07   1.00199947
398.07   1.00199947
399.07   1.00199947
400.07   1.00199947
401.07   1.00199947
402.07   1.00199947
403.07   1.00199947
404.07   1.00199947
405.07   1.00199947
406.07   1.00199947
407.07   1.00199947
408.07   1.00199947
409.07   1.00199947
410.07   1.00199947
411.07   1.00199947
412.07   1.00199947
413.07   1.00199947
414.07   1.00199947
415.07   1.00199947
416.07   1.00199947
417.07   1.00199947
418.07   1.00199947
419.07   1.00199947
420.07   1.00199947
421.07   1.00199947
422.07   1.00199947
423.07   1.00199947
424.07   1.00199947
425.07   1.00199947
426.07   1.00199947
427.07   1.00199947
428.07   1.00199947
429.07   1.00199947
430.07   1.00199947
431.07   1.00199947
432.07   1.00199947
433.07   1.00199947
434.07   1.00199947
435.07   1.00199947
436.07   1.00199947
437.07   1.00199947
438.07   1.00199947
439.07   1.00199947
440.07   1.00199947
441.07   1.00199947
442.07   1.00199947
443.07   1.00199947
444.07   1.00199947
445.07   1.00199947
446.07   1.00199947
447.07   1.00199947
448.07   1.00199947
449.07   1.00199947
450.07   1.00199947
451.07   1.00199947
452.07   1.00199947
453.07   1.00199947
454.07   1.00199947
455.08   1.00199947
456.08   1.00199947
457.08   1.00199947
458.08   1.00199947
459.08   1.00199947
460.08   1.00199947
461.08   1.00199947
462.08   1.00199947
463.08   1.00199947
464.08   1.00199947
465.08   1.00199947
466.08   1.00199947
467.08   1.00199947
468.08   1.00199947
469.08   1.00199947
470.08   1.00199947
471.08   1.00199947
472.08   1.00199947
473.08   1.00199947
474.08   1.00199947
475.08   1.00199947
476.08   1.00199947
477.08   1.00199947
478.08   1.00199947
479.08   1.00199947
480.08   1.00199947
481.08   1.00199947
482.08   1.00199947
483.08   1.00199947
484.08   1.00199947
485.08   1.00199947
486.08   1.00199947
487.08   1.00199947
488.08   1.00199947
489.08   1.00199947
490.08   1.00199947
491.08   1.00199947
492.08   1.00199947
493.08   1.00199947
494.08   1.00199947
495.08   1.00199947
496.08   1.00199947
497.08   1.00199947
498.08   1.00199947
499.08   1.00199947
500.08   1.00199947
501.08   1.00199947
502.08   1.00199947
503.08   1.00199947
504.08   1.00199947
505.08   1.00199947
506.08   1.00199947
507.08   1.00199947
508.08   1.00199947
509.08   1.00199947
510.08   1.00199947
511.08   1.00199947
512.08   1.00199947
513.08   1.00199947
514.08   1.00199947
515.09   1.00199947
516.09   1.00199947
517.09   1.00199947
518.09   1.00199947
519.09   1.00199947
520.09   1.00199947
521.09   1.00199947
522.09   1.00199947
523.09   1.00199947
524.09   1.00199947
525.09   1.00199947
526.09   1.00199947
527.09   1.00199947
528.09   1.00199947
529.09   1.00199947
530.09   1.00199947
531.09   1.00199947
532.09   1.00199947
533.09   1.00199947
534.09   1.00199947
535.09   1.00199947
536.09   1.00199947
537.09   1.00199947
538.09   1.00199947
539.09   1.00199947
540.09   1.00199947
541.09   1.00199947
542.09   1.00199947
543.09   1.00199947
544.09   1.00199947
545.09   1.00199947
546.09   1.00199947
547.09   1.00199947
548.09   1.00199947
549.09   1.00199947
550.09   1.00199947
551.09   1.00199947
552.09   1.00199947
553.09   1.00199947
554.09   1.00199947
555.09   1.00199947
556.09   1.00199947
557.09   1.00199947
558.09   1.00199947
559.09   1.00199947
560.09   1.00199947
561.09   1.00199947
562.09   1.00199947
563.09   1.00199947
564.09   1.00199947
565.09   1.00199947
566.09   1.00199947
567.09   1.00199947
568.09   1.00199947
569.09   1.00199947
570.09   1.00199947
571.09   1.00199947
572.09   1.00199947
573.09   1.00199947
574.09   1.00199947
575.09   1.00199947
576.10   1.00199947
577.10   1.00199947
578.10   1.00199947
579.10   1.00199947
580.10   1.00199947
581.10   1.00199947
582.10   1.00199947
583.10   1.00199947
584.10   1.00199947
585.10   1.00199947
586.10   1.00199947
587.10   1.00199947
588.10   1.00199947
589.10   1.00199947
590.10   1.00199947
591.10   1.00199947
592.10   1.00199947
593.10   1.00199947
594.10   1.00199947
595.10   1.00199947
596.10   1.00199947
597.10   1.00199947
598.10   1.00199947
599.10   1.00199947
600.10   1.00199947
601.10   1.00199947
602.10   1.00199947
603.10   1.00199947
604.10   1.00199947
605.10   1.00199947
606.10   1.00199947
607.10   1.00199947
608.10   1.00199947
609.10   1.00199947
610.10   1.00199947
611.10   1.00199947
612.10   1.00199947
613.10   1.00199947
614.10   1.00199947
615.10   1.00199947
616.10   1.00199947
617.10   1.00199947
618.10   1.00199947
619.10   1.00199947
620.10   1.00199947
621.10   1.00199947
622.10   1.00199947
623.10   1.00199947
624.10   1.00199947
625.10   1.00199947
626.10   1.00199947
627.10   1.00199947
628.10   1.00199947
629.10   1.00199947
630.10   1.00199947
631.10   1.00199947
632.10   1.00199947
633.10   1.00199947
634.10   1.00199947
635.10   1.00199947
636.11   1.00199947
637.11   1.00199947
638.11   1.00199947
639.11   1.00199947
640.11   1.00199947
641.11   1.00199947
642.11   1.00199947
643.11   1.00199947
644.11   1.00199947
645.11   1.00199947
646.11   1.00199947
647.11   1.00199947
648.11   1.00199947
649.11   1.00199947
650.11   1.00199947
651.11   1.00199947
652.11   1.00199947
653.11   1.00199947
654.11   1.00199947
655.11   1.00199947
656.11   1.00199947
657.11   1.00199947
658.11   1.00199947
659.11   1.00199947
660.11   1.00199947
661.11   1.00199947
662.11   1.00199947
663.11   1.00199947
664.11   1.00199947
665.11   1.00199947
666.11   1.00199947
667.11   1.00199947
668.11   1.00199947
669.11   1.00199947
670.11   1.00199947
671.11   1.00199947
672.11   1.00199947
673.11   1.00199947
674.11   1.00199947
675.11   1.00199947
676.11   1.00199947
677.11   1.00199947
678.11   1.00199947
679.11   1.00199947
680.11   1.00199947
681.11   1.00199947
682.11   1.00199947
683.11   1.00199947
684.11   1.00199947
685.11   1.00199947
686.11   1.00199947
687.11   1.00199947
688.11   1.00199947
689.11   1.00199947
690.11   1.00199947
691.11   1.00199947
692.11   1.00199947
693.11   1.00199947
694.11   1.00199947
695.11   1.00199947
696.11   1.00199947
697.12   1.00199947
698.12   1.00199947
699.12   1.00199947
700.12   1.00199947
701.12   1.00199947
702.12   1.00199947
703.12   1.00199947
704.12   1.00199947
705.12   1.00199947
706.12   1.00199947
707.12   1.00199947
708.12   1.00199947
709.12   1.00199947
710.12   1.00199947
711.12   1.00199947
712.12   1.00199947
713.12   1.00199947
714.12   1.00199947
715.12   1.00199947
716.12   1.00199947
717.12   1.00199947
718.12   1.00199947
719.12   1.00199947
720.12   1.00199947
721.12   1.00199947
722.12   1.00199947
723.12   1.00199947
724.12   1.00199947
725.12   1.00199947
726.12   1.00199947
727.12   1.00199947
728.12   1.00199947
729.12   1.00199947
730.12   1.00199947
731.12   1.00199947
732.12   1.00199947
733.12   1.00199947
734.12   1.00199947
735.12   1.00199947
736.12   1.00199947
737.12   1.00199947
738.12   1.00199947
739.12   1.00199947
740.12   1.00199947
741.12   1.00199947
742.12   1.00199947
743.12   1.00199947
744.12   1.00199947
745.12   1.00199947
746.12   1.00199947
747.12   1.00199947
748.12   1.00199947
749.12   1.00199947
750.12   1.00199947
751.12   1.00199947
752.12   1.00199947
753.12   1.00199947
754.12   1.00199947
755.12   1.00199947
756.12   1.00199947
757.12   1.00199947
758.13   1.00199947
759.13   1.00199947
760.13   1.00199947
761.13   1.00199947
762.13   1.00199947
763.13   1.00199947
764.13   1.00199947
765.13   1.00199947
766.13   1.00199947
767.13   1.00199947
768.13   1.00199947
769.13   1.00199947
770.13   1.00199947
771.13   1.00199947
772.13   1.00199947
773.13   1.00199947
774.13   1.00199947
775.13   1.00199947
776.13   1.00199947
777.13   1.00199947
778.13   1.00199947
779.13   1.00199947
780.13   1.00199947
781.13   1.00199947
782.13   1.00199947
783.13   1.00199947
784.13   1.00199947
785.13   1.00199947
786.13   1.00199947
787.13   1.00199947
788.13   1.00199947
789.13   1.00199947
790.13   1.00400286
791.13   1.00400286
792.13   1.00400286
793.13   1.00400286
794.13   1.00400286
795.13   1.00400286
796.13   1.00400286
797.13   1.00400286
798.13   1.00400286
799.13   1.00400286
800.13   1.00400286
801.13   1.00400286
802.13   1.00400286
803.13   1.00400286
804.13   1.00400286
805.13   1.00400286
806.13   1.00400286
807.13   1.00400286
808.13   1.00400286
809.13   1.00400286
810.13   1.00400286
811.13   1.00400286
812.13   1.00400286
813.13   1.00400286
814.13   1.00400286
815.13   1.00400286
816.13   1.00400286
817.13   1.00400286
818.14   1.00400286
819.14   1.00400286
820.14   1.00400286
821.14   1.00400286
822.14   1.00400286
823.14   1.00400286
824.14   1.00400286
825.14   1.00400286
826.14   1.00400286
827.14   1.00400286
828.14   1.00400286
829.14   1.00400286
830.14   1.00400286
831.14   1.00400286
832.14   1.00400286
833.14   1.00400286
834.14   1.00400286
835.14   1.00400286
836.14   1.00400286
837.14   1.00400286
838.14   1.00400286
839.14   1.00400286
840.14   1.00400286
841.14   1.00400286
842.14   1.00400286
843.14   1.00400286
844.14   1.00400286
845.14   1.00400286
846.14   1.00400286
847.14   1.00400286
848.14   1.00400286
849.14   1.00400286
850.14   1.00400286
851.14   1.00400286
852.14   1.00400286
853.14   1.00400286
854.14   1.00400286
855.14   1.00400286
856.14   1.00400286
857.14   1.00400286
858.14   1.00400286
859.14   1.00400286
860.14   1.00400286
861.14   1.00400286
862.14   1.00400286
863.14   1.00400286
864.14   1.00400286
865.14   1.00400286
866.14   1.00400286
867.14   1.00400286
868.14   1.00400286
869.14   1.00400286
870.14   1.00400286
871.14   1.00400286
872.14   1.00400286
873.14   1.00400286
874.14   1.00400286
875.14   1.00400286
876.14   1.00400286
877.14   1.00400286
878.14   1.00400286
879.15   1.00400286
880.15   1.00400286
881.15   1.00400286
882.15   1.00400286
883.15   1.00400286
884.15   1.00400286
885.15   1.00400286
886.15   1.00400286
887.15   1.00400286
888.15   1.00400286
889.15   1.00400286
890.15   1.00400286
891.15   1.00400286
892.15   1.00400286
893.15   1.00400286
894.15   1.00400286
895.15   1.00400286
896.15   1.00400286
897.15   1.00400286
898.15   1.00400286
899.15   1.00400286
900.15   1.00400286
901.15   1.00400286
902.15   1.00400286
903.15   1.00400286
904.15   1.00400286
905.15   1.00400286
906.15   1.00400286
907.15   1.00400286
908.15   1.00400286
909.15   1.00400286
910.15   1.00400286
911.15   1.00400286
912.15   1.00400286
913.15   1.00400286
914.15   1.00400286
915.15   1.00400286
916.15   1.00400286
917.15   1.00400286
918.15   1.00400286
919.15   1.00400286
920.15   1.00400286
921.15   1.00400286
922.15   1.00400286
923.15   1.00400286
924.15   1.00400286
925.15   1.00400286
926.15   1.00400286
927.15   1.00400286
928.15   1.00400286
929.15   1.00400286
930.15   1.00400286
931.15   1.00400286
932.15   1.00400286
933.15   1.00400286
934.15   1.00400286
935.15   1.00400286
936.15   1.00400286
937.15   1.00400286
938.15   1.00400286
939.16   1.00400286
940.16   1.00400286
941.16   1.00400286
942.16   1.00400286
943.16   1.00400286
944.16   1.00400286
945.16   1.00400286
946.16   1.00400286
947.16   1.00400286
948.16   1.00400286
949.16   1.00400286
950.16   1.00400286
951.16   1.00400286
952.16   1.00400286
953.16   1.00400286
954.16   1.00400286
955.16   1.00400286
956.16   1.00400286
957.16   1.00400286
958.16   1.00400286
959.16   1.00400286
960.16   1.00400286
961.16   1.00400286
962.16   1.00400286
963.16   1.00400286
964.16   1.00400286
965.16   1.00400286
966.16   1.00400286
967.16   1.00400286
968.16   1.00400286
969.16   1.00400286
970.16   1.00400286
971.16   1.00400286
972.16   1.00400286
973.16   1.00400286
974.16   1.00400286
975.16   1.00400286
976.16   1.00400286
977.16   1.00400286
978.16   1.00400286
979.16   1.00400286
980.16   1.00400286
981.16   1.00400286
982.16   1.00400286
983.16   1.00400286
984.16   1.00400286
985.16   1.00400286
986.16   1.00400286
987.16   1.00400286
988.16   1.00400286
989.16   1.00400286
990.16   1.00400286
991.16   1.00400286
992.16   1.00400286
993.16   1.00400286
994.16   1.00400286
995.16   1.00400286
996.16   1.00400286
997.16   1.00400286
998.16   1.00400286
999.16   1.00400286
1000.17   1.00400286
1001.17   1.00400286
1002.17   1.00400286
1003.17   1.00400286
1004.17   1.00400286
1005.17   1.00400286
1006.17   1.00400286
1007.17   1.00400286
1008.17   1.00400286
1009.17   1.00400286
1010.17   1.00400286
1011.17   1.00400286
1012.17   1.00400286
1013.17   1.00400286
1014.17   1.00400286
1015.17   1.00400286
1016.17   1.00400286
1017.17   1.00400286
1018.17   1.00400286
1019.17   1.00400286
1020.17   1.00400286
1021.17   1.00400286
1022.17   1.00400286
1023.17   1.00400286
1024.17   1.00400286
1025.17   1.00400286
1026.17   1.00400286
1027.17   1.00400286
1028.17   1.00400286
1029.17   1.00400286
1030.17   1.00400286
1031.17   1.00400286
1032.17   1.00400286
1033.17   1.00400286
1034.17   1.00400286
1035.17   1.00400286
1036.17   1.00400286
1037.17   1.00400286
1038.17   1.00400286
1039.17   1.00400286
1040.17   1.00400286
1041.17   1.00400286
1042.17   1.00400286
1043.17   1.00400286
1044.17   1.00400286
1045.17   1.00400286
1046.17   1.00400286
1047.17   1.00400286
1048.17   1.00400286
1049.17   1.00400286
1050.17   1.00400286
1051.17   1.00400286
1052.17   1.00400286
1053.17   1.00400286
1054.17   1.00400286
1055.17   1.00400286
1056.17   1.00400286
1057.17   1.00400286
1058.17   1.00400286
1059.17   1.00400286
1060.18   1.00400286
1061.18   1.00400286
1062.18   1.00400286
1063.18   1.00400286
1064.18   1.00400286
1065.18   1.00400286
1066.18   1.00400286
1067.18   1.00400286
1068.18   1.00400286
1069.18   1.00400286
1070.18   1.00400286
1071.18   1.00400286
1072.18   1.00400286
1073.18   1.00400286
1074.18   1.00400286
1075.18   1.00400286
1076.18   1.00400286
1077.18   1.00400286
1078.18   1.00400286
1079.18   1.00400286
1080.18   1.00400286
1081.18   1.00400286
1082.18   1.00400286
1083.18   1.00400286
1084.18   1.00400286
1085.18   1.00400286
1086.18   1.00400286
1087.18   1.00400286
1088.18   1.00400286
1089.18   1.00400286
1090.18   1.00400286
1091.18   1.00400286
1092.18   1.00400286
1093.18   1.00400286
1094.18   1.00400286
1095.18   1.00400286
1096.18   1.00400286
1097.18   1.00400286
1098.18   1.00400286
1099.18   1.00400286
1100.18   1.00400286
1101.18   1.00400286
1102.18   1.00400286
1103.18   1.00400286
1104.18   1.00400286
1105.18   1.00400286
1106.18   1.00400286
1107.18   1.00400286
1108.18   1.00400286
1109.18   1.00400286
1110.18   1.00400286
1111.18   1.00400286
1112.18   1.00400286
1113.18   1.00400286
1114.18   1.00400286
1115.18   1.00400286
1116.18   1.00400286
1117.18   1.00400286
1118.18   1.00400286
1119.18   1.00400286
1120.18   1.00400286
1121.19   1.00400286
1122.19   1.00400286
1123.19   1.00400286
1124.19   1.00400286
1125.19   1.00400286
1126.19   1.00400286
1127.19   1.00400286
1128.19   1.00400286
1129.19   1.00400286
1130.19   1.00400286
1131.19   1.00400286
1132.19   1.00400286
1133.19   1.00400286
1134.19   1.00400286
1135.19   1.00400286
1136.19   1.00400286
1137.19   1.00400286
1138.19   1.00400286
1139.19   1.00400286
1140.19   1.00400286
1141.19   1.00400286
1142.19   1.00400286
1143.19   1.00400286
1144.19   1.00400286
1145.19   1.00400286
1146.19   1.00400286
1147.19   1.00400286
1148.19   1.00400286
1149.19   1.00400286
1150.19   1.00400286
1151.19   1.00400286
1152.19   1.00400286
1153.19   1.00400286
1154.19   1.00400286
1155.19   1.00400286
1156.19   1.00400286
1157.19   1.00400286
1158.19   1.00400286
1159.19   1.00400286
1160.19   1.00400286
1161.19   1.00400286
1162.19   1.00400286
1163.19   1.00400286
1164.19   1.00400286
1165.19   1.00400286
1166.19   1.00400286
1167.19   1.00400286
1168.19   1.00400286
1169.19   1.00400286
1170.19   1.00400286
1171.19   1.00400286
1172.19   1.00400286
1173.19   1.00400286
1174.19   1.00400286
1175.19   1.00400286
1176.19   1.00400286
1177.19   1.00400286
1178.19   1.00400286
1179.19   1.00400286
1180.19   1.00400286
1181.19   1.00400286
1182.20   1.00400286
1183.20   1.00400286
1184.20   1.00400286
1185.20   1.00400286
1186.20   1.00400286
1187.20   1.00400286
1188.20   1.00400286
1189.20   1.00400286
1190.20   1.00400286
1191.20   1.00400286
1192.20   1.00400286
1193.20   1.00400286
1194.20   1.00400286
1195.20   1.00400286
1196.20   1.00400286
1197.20   1.00400286
1198.20   1.00400286
1199.20   1.00400286
1200.20   1.00400286
1201.20   1.00400286
1202.20   1.00400286
1203.20   1.00400286
1204.20   1.00400286
1205.20   1.00400286
1206.20   1.00400286
1207.20   1.00400286
1208.20   1.00400286
1209.20   1.00400286
1210.20   1.00400286
1211.20   1.00400286
1212.20   1.00400286
1213.20   1.00400286
1214.20   1.00400286
1215.20   1.00400286
1216.20   1.00400286
1217.20   1.00400286
1218.20   1.00400286
1219.20   1.00400286
1220.20   1.00400286
1221.20   1.00400286
1222.20   1.00400286
1223.20   1.00400286
1224.20   1.00400286
1225.20   1.00400286
1226.20   1.00400286
1227.20   1.00400286
1228.20   1.00400286
1229.20   1.00400286
1230.20   1.00400286
1231.20   1.00400286
1232.20   1.00400286
1233.20   1.00400286
1234.20   1.00400286
1235.20   1.00400286
1236.20   1.00400286
1237.20   1.00400286
1238.20   1.00400286
1239.20   1.00400286
1240.20   1.00400286
1241.20   1.00400286
1242.21   1.00400286
1243.21   1.00400286
1244.21   1.00400286
1245.21   1.00400286
1246.21   1.00802139
1247.21   1.00802139
1248.21   1.00802139
1249.21   1.00802139
1250.21   1.00802139
1251.21   1.00802139
1252.21   1.00802139
1253.21   1.00802139
1254.21   1.00802139
1255.21   1.00802139
1256.21   1.00802139
1257.21   1.00802139
1258.21   1.00802139
1259.21   1.00802139
1260.21   1.00802139
1261.21   1.00802139
1262.21   1.00802139
1263.21   1.00802139
1264.21   1.00802139
1265.21   1.00802139
1266.21   1.00802139
1267.21   1.00802139
1268.21   1.00802139
1269.21   1.00802139
1270.21   1.00802139
1271.21   1.00802139
1272.21   1.00802139
1273.21   1.00802139
1274.21   1.00802139
1275.21   1.00802139
1276.21   1.00802139
1277.21   1.00802139
1278.21   1.00802139
1279.21   1.00802139
1280.21   1.00802139
1281.21   1.00802139
1282.21   1.00802139
1283.21   1.00802139
1284.21   1.00802139
1285.21   1.00802139
1286.21   1.00802139
1287.21   1.00802139
1288.21   1.00802139
1289.21   1.00802139
1290.21   1.00802139
1291.21   1.00802139
1292.21   1.00802139
1293.21   1.00802139
1294.21   1.00802139
1295.21   1.00802139
1296.21   1.00802139
1297.21   1.00802139
1298.21   1.00802139
1299.21   1.00802139
1300.21   1.00802139
1301.21   1.00802139
1302.21   1.00802139
1303.22   1.00802139
1304.22   1.00802139
1305.22   1.00802139
1306.22   1.00802139
1307.22   1.00802139
1308.22   1.00802139
1309.22   1.00802139
1310.22   1.00802139
1311.22   1.00802139
1312.22   1.00802139
1313.22   1.00802139
1314.22   1.00802139
1315.22   1.00802139
1316.22   1.00802139
1317.22   1.00802139
1318.22   1.00802139
1319.22   1.00802139
1320.22   1.00802139
1321.22   1.00802139
1322.22   1.00802139
1323.22   1.00802139
1324.22   1.00802139
1325.22   1.00802139
1326.22   1.00802139
1327.22   1.00802139
1328.22   1.00802139
1329.22   1.00802139
1330.22   1.00802139
1331.22   1.00802139
1332.22   1.00802139
1333.22   1.00802139
1334.22   1.00802139
1335.22   1.00802139
1336.22   1.00802139
1337.22   1.00802139
1338.22   1.00802139
1339.22   1.00802139
1340.22   1.00802139
1341.22   1.00802139
1342.22   1.00802139
1343.22   1.00802139
1344.22   1.00802139
1345.22   1.00802139
1346.22   1.00802139
1347.22   1.00802139
1348.22   1.00802139
1349.22   1.00802139
1350.22   1.00802139
1351.22   1.00802139
1352.22   1.00802139
1353.22   1.00802139
1354.22   1.00802139
1355.22   1.00802139
1356.22   1.00802139
1357.22   1.00802139
1358.22   1.00802139
1359.22   1.00802139
1360.22   1.00802139
1361.22   1.00802139
1362.22   1.00802139
1363.23   1.00802139
1364.23   1.00802139
1365.23   1.00802139
1366.23   1.00802139
1367.23   1.00802139
1368.23   1.00802139
1369.23   1.00802139
1370.23   1.00802139
1371.23   1.00802139
1372.23   1.00802139
1373.23   1.00802139
1374.23   1.00802139
1375.23   1.00802139
1376.23   1.00802139
1377.23   1.00802139
1378.23   1.00802139
1379.23   1.00802139
1380.23   1.00802139
1381.23   1.00802139
1382.23   1.00802139
1383.23   1.00802139
1384.23   1.00802139
1385.23   1.00802139
1386.23   1.00802139
1387.23   1.00802139
1388.23   1.00802139
1389.23   1.00802139
1390.23   1.00802139
1391.23   1.00802139
1392.23   1.00802139
1393.23   1.00802139
1394.23   1.00802139
1395.23   1.00802139
1396.23   1.00802139
1397.23   1.00802139
1398.23   1.00802139
1399.23   1.00802139
1400.23   1.00802139
1401.23   1.00802139
1402.23   1.00802139
1403.23   1.00802139
1404.23   1.00802139
1405.23   1.00802139
1406.23   1.00802139
1407.23   1.00802139
1408.23   1.00802139
1409.23   1.00802139
1410.23   1.00802139
1411.23   1.00802139
1412.23   1.00802139
1413.23   1.00802139
1414.23   1.00802139
1415.23   1.00802139
1416.23   1.00802139
1417.23   1.00802139
1418.23   1.00802139
1419.23   1.00802139
1420.23   1.00802139
1421.23   1.00802139
1422.23   1.00802139
1423.23   1.00802139
1424.24   1.00802139
1425.24   1.00802139
1426.24   1.00802139
1427.24   1.00802139
1428.24   1.00802139
1429.24   1.00802139
1430.24   1.00802139
1431.24   1.00802139
1432.24   1.00802139
1433.24   1.00802139
1434.24   1.00802139
1435.24   1.00802139
1436.24   1.00802139
1437.24   1.00802139
1438.24   1.00802139
1439.24   1.00802139
1440.24   1.00802139
1441.24   1.00802139
1442.24   1.00802139
1443.24   1.00802139
1444.24   1.00802139
1445.24   1.00802139
1446.24   1.00802139
1447.24   1.00802139
1448.24   1.00802139
1449.24   1.00802139
1450.24   1.00802139
1451.24   1.00802139
1452.24   1.00802139
1453.24   1.00802139
1454.24   1.00802139
1455.24   1.00802139
1456.24   1.00802139
1457.24   1.00802139
1458.24   1.00802139
1459.24   1.00802139
1460.24   1.00802139
1461.24   1.00802139
1462.24   1.00802139
1463.24   1.00802139
1464.24   1.00802139
1465.24   1.00802139
1466.24   1.00802139
1467.24   1.00802139
1468.24   1.00802139
1469.24   1.00802139
1470.24   1.00802139
1471.24   1.00802139
1472.24   1.00802139
1473.24   1.00802139
1474.24   1.00802139
1475.24   1.00802139
1476.24   1.00802139
1477.24   1.00802139
1478.24   1.00802139
1479.24   1.00802139
1480.24   1.00802139
1481.24   1.00802139
1482.24   1.00802139
1483.24   1.00802139
1484.25   1.00802139
1485.25   1.00802139
1486.25   1.00802139
1487.25   1.00802139
1488.25   1.00802139
1489.25   1.00802139
1490.25   1.00802139
1491.25   1.00802139
1492.25   1.00802139
1493.25   1.00802139
1494.25   1.00802139
1495.25   1.00802139
1496.25   1.00802139
1497.25   1.00802139
1498.25   1.00802139
1499.25   1.00802139
1500.25   1.00802139
1501.25   1.00802139
1502.25   1.00802139
1503.25   1.00802139
1504.25   1.00802139
1505.25   1.00802139
1506.25   1.00802139
1507.25   1.00802139
1508.25   1.00802139
1509.25   1.00802139
1510.25   1.00802139
1511.25   1.00802139
1512.25   1.00802139
1513.25   1.00802139
1514.25   1.00802139
1515.25   1.00802139
1516.25   1.00802139
1517.25   1.00802139
1518.25   1.00802139
1519.25   1.00802139
1520.25   1.00802139
1521.25   1.00802139
1522.25   1.00802139
1523.25   1.00802139
1524.25   1.00802139
1525.25   1.00802139
1526.25   1.00802139
1527.25   1.00802139
1528.25   1.00802139
1529.25   1.00802139
1530.25   1.00802139
1531.25   1.01610567
1532.25   1.01610567
1533.25   1.01610567
1534.25   1.01610567
1535.25   1.01610567
1536.25   1.01610567
1537.25   1.01610567
1538.25   1.01610567
1539.25   1.01610567
1540.25   1.01610567
1541.25   1.01610567
1542.25   1.01610567
1543.25   1.01610567
1544.25   1.01610567
1545.26   1.01610567
1546.26   1.01610567
1547.26   1.01610567
1548.26   1.01610567
1549.26   1.01610567
1550.26   1.01610567
1551.26   1.01610567
1552.26   1.01610567
1553.26   1.01610567
1554.26   1.01610567
1555.26   1.01610567
1556.26   1.01610567
1557.26   1.01610567
1558.26   1.01610567
1559.26   1.01610567
1560.26   1.01610567
1561.26   1.01610567
1562.26   1.01610567
1563.26   1.01610567
1564.26   1.01610567
1565.26   1.01610567
1566.26   1.01610567
1567.26   1.01610567
1568.26   1.01610567
1569.26   1.01610567
1570.26   1.01610567
1571.26   1.01610567
1572.26   1.01610567
1573.26   1.01610567
1574.26   1.01610567
1575.26   1.01610567
1576.26   1.01610567
1577.26   1.01610567
1578.26   1.01610567
1579.26   1.01610567
1580.26   1.01610567
1581.26   1.01610567
1582.26   1.01610567
1583.26   1.01610567
1584.26   1.01610567
1585.26   1.01610567
1586.26   1.01610567
1587.26   1.01610567
1588.26   1.01610567
1589.26   1.01610567
1590.26   1.01610567
1591.26   1.01610567
1592.26   1.01610567
1593.26   1.01610567
1594.26   1.01610567
1595.26   1.01610567
1596.26   1.01610567
1597.26   1.01610567
1598.26   1.01610567
1599.26   1.01610567
1600.26   1.01610567
1601.26   1.01610567
1602.26   1.01610567
1603.26   1.01610567
1604.26   1.01610567
1605.26   1.01610567
1606.27   1.01610567
1607.27   1.01610567
1608.27   1.01610567
1609.27   1.01610567
1610.27   1.01610567
1611.27   1.01610567
1612.27   1.01610567
1613.27   1.01610567
1614.27   1.01610567
1615.27   1.01610567
1616.27   1.01610567
1617.27   1.01610567
1618.27   1.01610567
1619.27   1.01610567
1620.27   1.01610567
1621.27   1.01610567
1622.27   1.01610567
1623.27   1.01610567
1624.27   1.01610567
1625.27   1.01610567
1626.27   1.01610567
1627.27   1.01610567
1628.27   1.01610567
1629.27   1.01610567
1630.27   1.01610567
1631.27   1.01610567
1632.27   1.01610567
1633.27   1.01610567
1634.27   1.01610567
1635.27   1.01610567
1636.27   1.01610567
1637.27   1.01610567
1638.27   1.01610567
1639.27   1.01610567
1640.27   1.01610567
1641.27   1.01610567
1642.27   1.01610567
1643.27   1.01610567
1644.27   1.01610567
1645.27   1.01610567
1646.27   1.01610567
1647.27   1.01610567
1648.27   1.01610567
1649.27   1.01610567
1650.27   1.01610567
1651.27   1.01610567
1652.27   1.01610567
1653.27   1.01610567
1654.27   1.01610567
1655.27   1.01610567
1656.27   1.01610567
1657.27   1.01610567
1658.27   1.01610567
1659.27   1.01610567
1660.27   1.01610567
1661.27   1.01610567
1662.27   1.01610567
1663.27   1.01610567
1664.27   1.03246423
1665.27   1.03246423
1666.28   1.03246423
1667.28   1.03246423
1668.28   1.03246423
1669.28   1.03246423
1670.28   1.03246423
1671.28   1.03246423
1672.28   1.03246423
1673.28   1.03246423
1674.28   1.03246423
1675.28   1.03246423
1676.28   1.03246423
1677.28   1.03246423
1678.28   1.03246423
1679.28   1.03246423
1680.28   1.03246423
1681.28   1.03246423
1682.28   1.03246423
1683.28   1.03246423
1684.28   1.03246423
1685.28   1.03246423
1686.28   1.03246423
1687.28   1.03246423
1688.28   1.03246423
1689.28   1.03246423
1690.28   1.03246423
1691.28   1.03246423
1692.28   1.03246423
1693.28   1.03246423
1694.28   1.03246423
1695.28   1.03246423
1696.28   1.03246423
1697.28   1.03246423
1698.28   1.03246423
1699.28   1.03246423
1700.28   1.03246423
1701.28   1.03246423
1702.28   1.03246423
1703.28   1.03246423
1704.28   1.03246423
1705.28   1.03246423
1706.28   1.03246423
1707.28   1.03246423
1708.28   1.03246423
1709.28   1.03246423
1710.28   1.03246423
1711.28   1.03246423
1712.28   1.03246423
1713.28   1.03246423
1714.28   1.03246423
1715.28   1.03246423
1716.28   1.03246423
1717.28   1.03246423
1718.28   1.03246423
1719.28   1.03246423
1720.28   1.03246423
1721.28   1.03246423
1722.28   1.03246423
1723.28   1.03246423
1724.28   1.03246423
1725.28   1.03246423
1726.28   1.03246423
1727.29   1.03246423
1728.29   1.03246423
1729.29   1.03246423
1730.29   1.03246423
1731.29   1.03246423
1732.29   1.03246423
1733.29   1.03246423
1734.29   1.03246423
1735.29   1.03246423
1736.29   1.03246423
1737.29   1.03246423
1738.29   1.03246423
1739.29   1.03246423
1740.29   1.03246423
1741.29   1.03246423
1742.29   1.03246423
1743.29   1.03246423
1744.29   1.03246423
1745.29   1.03246423
1746.29   1.03246423
1747.29   1.03246423
1748.29   1.03246423
1749.29   1.03246423
1750.29   1.03246423
1751.29   1.03246423
1752.29   1.03246423
1753.29   1.03246423
1754.29   1.03246423
1755.29   1.03246423
1756.29   1.03246423
1757.29   1.03246423
1758.29   1.03246423
1759.29   1.03246423
1760.29   1.03246423
1761.29   1.03246423
1762.29   1.03246423
1763.29   1.03246423
1764.29   1.03246423
1765.29   1.03246423
1766.29   1.03246423
1767.29   1.03246423
1768.29   1.03246423
1769.29   1.03246423
1770.29   1.03246423
1771.29   1.03246423
1772.29   1.03246423
1773.29   1.03246423
1774.29   1.03246423
1775.29   1.03246423
1776.29   1.03246423
1777.29   1.03246423
1778.29   1.03246423
1779.29   1.03246423
1780.29   1.03246423
1781.29   1.03246423
1782.29   1.03246423
1783.29   1.03246423
1784.29   1.03246423
1785.29   1.03246423
1786.29   1.03246423
1787.30   1.03246423
1788.30   1.03246423
1789.30   1.03246423
1790.30   1.03246423
1791.30   1.03246423
1792.30   1.03246423
1793.30   1.03246423
1794.30   1.03246423
1795.30   1.03246423
1796.30   1.03246423
1797.30   1.03246423
1798.30   1.03246423
1799.30   1.03246423
1800.30   1.03246423
1801.30   1.03246423
1802.30   1.03246423
1803.30   1.03246423
1804.30   1.03246423
1805.30   1.03246423
1806.30   1.03246423
1807.30   1.03246423
1808.30   1.03246423
1809.30   1.03246423
1810.30   1.03246423
1811.30   1.03246423
1812.30   1.03246423
1813.30   1.03246423
1814.30   1.03246423
1815.30   1.03246423
1816.30   1.03246423
1817.30   1.03246423
1818.30   1.03246423
1819.30   1.03246423
1820.30   1.03246423
1821.30   1.03246423
1822.30   1.03246423
1823.30   1.03246423
1824.30   1.03246423
1825.30   1.03246423
1826.30   1.03246423
1827.30   1.03246423
1828.30   1.03246423
1829.30   1.03246423
1830.30   1.03246423
1831.30   1.03246423
1832.30   1.03246423
1833.30   1.03246423
1834.30   1.03246423
1835.30   1.03246423
1836.30   1.03246423
1837.30   1.03246423
1838.30   1.03246423
1839.30   1.03246423
1840.30   1.03246423
1841.30   1.03246423
1842.30   1.03246423
1843.30   1.03246423
1844.30   1.03246423
1845.30   1.03246423
1846.30   1.03246423
1847.30   1.03246423
1848.31   1.03246423
1849.31   1.03246423
1850.31   1.03246423
1851.31   1.03246423
1852.31   1.03246423
1853.31   1.03246423
1854.31   1.03246423
1855.31   1.03246423
1856.31   1.03246423
1857.31   1.03246423
1858.31   1.03246423
1859.31   1.03246423
1860.31   1.03246423
1861.31   1.03246423
1862.31   1.03246423
1863.31   1.03246423
1864.31   1.03246423
1865.31   1.03246423
1866.31   1.03246423
1867.31   1.03246423
1868.31   1.03246423
1869.31   1.03246423
1870.31   1.03246423
1871.31   1.03246423
1872.31   1.03246423
1873.31   1.03246423
1874.31   1.03246423
1875.31   1.03246423
1876.31   1.03246423
1877.31   1.03246423
1878.31   1.03246423
1879.31   1.03246423
1880.31   1.03246423
1881.31   1.03246423
1882.31   1.03246423
1883.31   1.03246423
1884.31   1.03246423
1885.31   1.03246423
1886.31   1.03246423
1887.31   1.03246423
1888.31   1.03246423
1889.31   1.03246423
1890.31   1.03246423
1891.31   1.03246423
1892.31   1.03246423
1893.31   1.03246423
1894.31   1.03246423
1895.31   1.03246423
1896.31   1.03246423
1897.31   1.03246423
1898.31   1.03246423
1899.31   1.03246423
1900.31   1.03246423
1901.31   1.03246423
1902.31   1.03246423
1903.31   1.03246423
1904.31   1.03246423
1905.31   1.03246423
1906.31   1.03246423
1907.31   1.03246423
1908.32   1.03246423
1909.32   1.03246423
1910.32   1.03246423
1911.32   1.03246423
1912.32   1.03246423
1913.32   1.03246423
1914.32   1.03246423
1915.32   1.03246423
1916.32   1.03246423
1917.32   1.03246423
1918.32   1.03246423
1919.32   1.03246423
1920.32   1.03246423
1921.32   1.03246423
1922.32   1.03246423
1923.32   1.03246423
1924.32   1.03246423
1925.32   1.03246423
1926.32   1.03246423
1927.32   1.03246423
1928.32   1.03246423
1929.32   1.03246423
1930.32   1.03246423
1931.32   1.03246423
1932.32   1.03246423
1933.32   1.03246423
1934.32   1.03246423
1935.32   1.03246423
1936.32   1.03246423
1937.32   1.03246423
1938.32   1.03246423
1939.32   1.03246423
1940.32   1.03246423
1941.32   1.03246423
1942.32   1.03246423
1943.32   1.03246423
1944.32   1.03246423
1945.32   1.03246423
1946.32   1.03246423
1947.32   1.03246423
1948.32   1.03246423
1949.32   1.03246423
1950.32   1.03246423
1951.32   1.03246423
1952.32   1.03246423
1953.32   1.03246423
1954.32   1.03246423
1955.32   1.03246423
1956.32   1.03246423
1957.32   1.03246423
1958.32   1.03246423
1959.32   1.03246423
1960.32   1.03246423
1961.32   1.03246423
1962.32   1.03246423
1963.32   1.03246423
1964.32   1.03246423
1965.32   1.03246423
1966.32   1.03246423
1967.32   1.03246423
1968.32   1.03246423
1969.33   1.03246423
1970.33   1.03246423
1971.33   1.03246423
1972.33   1.03246423
1973.33   1.03246423
1974.33   1.03246423
1975.33   1.03246423
1976.33   1.03246423
1977.33   1.03246423
1978.33   1.03246423
1979.33   1.03246423
1980.33   1.03246423
1981.33   1.03246423
1982.33   1.03246423
1983.33   1.03246423
1984.33   1.03246423
1985.33   1.03246423
1986.33   1.03246423
1987.33   1.03246423
1988.33   1.03246423
1989.33   1.03246423
1990.33   1.03246423
1991.33   1.03246423
1992.33   1.03246423
1993.33   1.03246423
1994.33   1.03246423
1995.33   1.03246423
1996.33   1.03246423
1997.33   1.03246423
1998.33   1.03246423
1999.33   1.03246423
2000.33   1.03246423
2001.33   1.03246423
2002.33   1.03246423
2003.33   1.03246423
2004.33   1.03246423
2005.33   1.03246423
2006.33   1.03246423
2007.33   1.03246423
2008.33   1.03246423
2009.33   1.03246423
2010.33   1.03246423
2011.33   1.03246423
2012.33   1.03246423
2013.33   1.03246423
2014.33   1.03246423
2015.33   1.03246423
2016.33   1.03246423
2017.33   1.03246423
2018.33   1.03246423
2019.33   1.03246423
2020.33   1.03246423
2021.33   1.03246423
2022.33   1.03246423
2023.33   1.03246423
2024.33   1.03246423
2025.33   1.03246423
2026.33   1.03246423
2027.33   1.03246423
2028.33   1.03246423
2029.33   1.03246423
2030.34   1.03246423
2031.34   1.03246423
2032.34   1.03246423
2033.34   1.03246423
2034.34   1.03246423
2035.34   1.03246423
2036.34   1.03246423
2037.34   1.03246423
2038.34   1.03246423
2039.34   1.03246423
2040.34   1.03246423
2041.34   1.03246423
2042.34   1.03246423
2043.34   1.03246423
2044.34   1.03246423
2045.34   1.03246423
2046.34   1.03246423
2047.34   1.03246423
2048.34   1.03246423
2049.34   1.03246423
2050.34   1.03246423
2051.34   1.03246423
2052.34   1.03246423
2053.34   1.03246423
2054.34   1.03246423
2055.34   1.03246423
2056.34   1.03246423
2057.34   1.03246423
2058.34   1.03246423
2059.34   1.03246423
2060.34   1.03246423
2061.34   1.03246423
2062.34   1.03246423
2063.34   1.03246423
2064.34   1.03246423
2065.34   1.03246423
2066.34   1.03246423
2067.34   1.03246423
2068.34   1.03246423
2069.34   1.03246423
2070.34   1.03246423
2071.34   1.03246423
2072.34   1.03246423
2073.34   1.03246423
2074.34   1.03246423
2075.34   1.03246423
2076.34   1.03246423
2077.34   1.03246423
2078.34   1.03246423
2079.34   1.03246423
2080.34   1.03246423
2081.34   1.03246423
2082.34   1.03246423
2083.34   1.03246423
2084.34   1.03246423
2085.34   1.03246423
2086.34   1.03246423
2087.34   1.03246423
2088.34   1.03246423
2089.34   1.03246423
2090.35   1.03246423
2091.35   1.03246423
2092.35   1.03246423
2093.35   1.03246423
2094.35   1.03246423
2095.35   1.03246423
2096.35   1.03246423
2097.35   1.03246423
2098.35   1.03246423
2099.35   1.03246423
2100.35   1.03246423
2101.35   1.03246423
2102.35   1.03246423
2103.35   1.03246423
2104.35   1.03246423
2105.35   1.03246423
2106.35   1.03246423
2107.35   1.03246423
2108.35   1.03246423
2109.35   1.03246423
2110.35   1.03246423
2111.35   1.03246423
2112.35   1.03246423
2113.35   1.03246423
2114.35   1.03246423
2115.35   1.03246423
2116.35   1.03246423
2117.35   1.03246423
2118.35   1.03246423
2119.35   1.03246423
2120.35   1.03246423
2121.35   1.03246423
2122.35   1.03246423
2123.35   1.03246423
2124.35   1.03246423
2125.35   1.03246423
2126.35   1.03246423
2127.35   1.03246423
2128.35   1.03246423
2129.35   1.03246423
2130.35   1.03246423
2131.35   1.03246423
2132.35   1.03246423
2133.35   1.03246423
2134.35   1.03246423
2135.35   1.03246423
2136.35   1.03246423
2137.35   1.03246423
2138.35   1.03246423
2139.35   1.03246423
2140.35   1.03246423
2141.35   1.03246423
2142.35   1.03246423
2143.35   1.03246423
2144.35   1.03246423
2145.35   1.03246423
2146.35   1.03246423
2147.35   1.03246423
2148.35   1.03246423
2149.35   1.03246423
2150.35   1.03246423
2151.36   1.03246423
2152.36   1.03246423
2153.36   1.03246423
2154.36   1.03246423
2155.36   1.03246423
2156.36   1.03246423
2157.36   1.03246423
2158.36   1.03246423
2159.36   1.03246423
2160.36   1.03246423
2161.36   1.03246423
2162.36   1.03246423
2163.36   1.03246423
2164.36   1.03246423
2165.36   1.03246423
2166.36   1.03246423
2167.36   1.03246423
2168.36   1.03246423
2169.36   1.03246423
2170.36   1.03246423
2171.36   1.03246423
2172.36   1.03246423
2173.36   1.03246423
2174.36   1.03246423
2175.36   1.03246423
2176.36   1.03246423
2177.36   1.03246423
2178.36   1.03246423
2179.36   1.03246423
2180.36   1.03246423
2181.36   1.03246423
2182.36   1.03246423
2183.36   1.03246423
2184.36   1.03246423
2185.36   1.03246423
2186.36   1.03246423
2187.36   1.03246423
2188.36   1.03246423
2189.36   1.03246423
2190.36   1.03246423
2191.36   1.03246423
2192.36   1.03246423
2193.36   1.03246423
2194.36   1.03246423
2195.36   1.03246423
2196.36   1.03246423
2197.36   1.03246423
2198.36   1.03246423
2199.36   1.03246423
2200.36   1.03246423
2201.36   1.03246423
2202.36   1.03246423
2203.36   1.03246423
2204.36   1.03246423
2205.36   1.03246423
2206.36   1.03246423
2207.36   1.03246423
2208.36   1.03246423
2209.36   1.03246423
2210.36   1.03246423
2211.37   1.03246423
2212.37   1.03246423
2213.37   1.03246423
2214.37   1.03246423
2215.37   1.03246423
2216.37   1.03246423
2217.37   1.03246423
2218.37   1.03246423
2219.37   1.03246423
2220.37   1.03246423
2221.37   1.03246423
2222.37   1.03246423
2223.37   1.03246423
2224.37   1.03246423
2225.37   1.03246423
2226.37   1.03246423
2227.37   1.03246423
2228.37   1.03246423
2229.37   1.03246423
2230.37   1.03246423
2231.37   1.03246423
2232.37   1.03246423
2233.37   1.03246423
2234.37   1.03246423
2235.37   1.03246423
2236.37   1.03246423
2237.37   1.03246423
2238.37   1.03246423
2239.37   1.03246423
2240.37   1.03246423
2241.37   1.03246423
2242.37   1.03246423
2243.37   1.03246423
2244.37   1.03246423
2245.37   1.03246423
2246.37   1.03246423
2247.37   1.03246423
2248.37   1.03246423
2249.37   1.03246423
2250.37   1.03246423
2251.37   1.03246423
2252.37   1.03246423
2253.37   1.03246423
2254.37   1.03246423
2255.37   1.03246423
2256.37   1.03246423
2257.37   1.03246423
2258.37   1.03246423
2259.37   1.03246423
2260.37   1.03246423
2261.37   1.03246423
2262.37   1.03246423
2263.37   1.03246423
2264.37   1.03246423
2265.37   1.03246423
2266.37   1.03246423
2267.37   1.03246423
2268.37   1.03246423
2269.37   1.03246423
2270.37   1.03246423
2271.37   1.03246423
2272.38   1.03246423
2273.38   1.03246423
2274.38   1.03246423
2275.38   1.03246423
2276.38   1.03246423
2277.38   1.03246423
2278.38   1.03246423
2279.38   1.03246423
2280.38   1.03246423
2281.38   1.03246423
2282.38   1.03246423
2283.38   1.03246423
2284.38   1.03246423
2285.38   1.03246423
2286.38   1.03246423
2287.38   1.03246423
2288.38   1.03246423
2289.38   1.03246423
2290.38   1.03246423
2291.38   1.03246423
2292.38   1.03246423
2293.38   1.03246423
2294.38   1.03246423
2295.38   1.03246423
2296.38   1.03246423
2297.38   1.03246423
2298.38   1.03246423
2299.38   1.03246423
2300.38   1.03246423
2301.38   1.03246423
2302.38   1.03246423
2303.38   1.03246423
2304.38   1.03246423
2305.38   1.03246423
2306.38   1.03246423
2307.38   1.03246423
2308.38   1.03246423
2309.38   1.03246423
2310.38   1.03246423
2311.38   1.03246423
2312.38   1.03246423
2313.38   1.03246423
2314.38   1.03246423
2315.38   1.03246423
2316.38   1.03246423
2317.38   1.03246423
2318.38   1.03246423
2319.38   1.03246423
2320.38   1.03246423
2321.38   1.03246423
2322.38   1.03246423
2323.38   1.03246423
2324.38   1.03246423
2325.38   1.03246423
2326.38   1.03246423
2327.38   1.03246423
2328.38   1.03246423
2329.38   1.03246423
2330.38   1.03246423
2331.38   1.03246423
2332.39   1.03246423
2333.39   1.03246423
2334.39   1.03246423
2335.39   1.03246423
2336.39   1.03246423
2337.39   1.03246423
2338.39   1.03246423
2339.39   1.03246423
2340.39   1.03246423
2341.39   1.03246423
2342.39   1.03246423
2343.39   1.03246423
2344.39   1.03246423
2345.39   1.03246423
2346.39   1.03246423
2347.39   1.03246423
2348.39   1.03246423
2349.39   1.03246423
2350.39   1.03246423
2351.39   1.03246423
2352.39   1.03246423
2353.39   1.03246423
2354.39   1.03246423
2355.39   1.03246423
2356.39   1.03246423
2357.39   1.03246423
2358.39   1.03246423
2359.39   1.03246423
2360.39   1.03246423
2361.39   1.03246423
2362.39   1.03246423
2363.39   1.03246423
2364.39   1.03246423
2365.39   1.03246423
2366.39   1.03246423
2367.39   1.03246423
2368.39   1.03246423
2369.39   1.03246423
2370.39   1.03246423
2371.39   1.03246423
2372.39   1.03246423
2373.39   1.03246423
2374.39   1.03246423
2375.39   1.03246423
2376.39   1.03246423
2377.39   1.03246423
2378.39   1.03246423
2379.39   1.03246423
2380.39   1.03246423
2381.39   1.03246423
2382.39   1.03246423
2383.39   1.03246423
2384.39   1.03246423
2385.39   1.03246423
2386.39   1.03246423
2387.39   1.03246423
2388.39   1.03246423
2389.39   1.03246423
2390.39   1.03246423
2391.39   1.03246423
2392.39   1.03246423
2393.40   1.03246423
2394.40   1.03246423
2395.40   1.03246423
2396.40   1.03246423
2397.40   1.03246423
2398.40   1.03246423
2399.40   1.03246423
2400.40   1.03246423
2401.40   1.03246423
2402.40   1.03246423
2403.40   1.03246423
2404.40   1.03246423
2405.40   1.03246423
2406.40   1.03246423
2407.40   1.03246423
2408.40   1.03246423
2409.40   1.03246423
2410.40   1.03246423
2411.40   1.03246423
2412.40   1.03246423
2413.40   1.03246423
2414.40   1.03246423
2415.40   1.03246423
2416.40   1.03246423
2417.40   1.03246423
2418.40   1.03246423
2419.40   1.03246423
2420.40   1.03246423
2421.40   1.03246423
2422.40   1.03246423
2423.40   1.03246423
2424.40   1.03246423
2425.40   1.03246423
2426.40   1.03246423
2427.40   1.03246423
2428.40   1.03246423
2429.40   1.03246423
2430.40   1.03246423
2431.40   1.03246423
2432.40   1.03246423
2433.40   1.03246423
2434.40   1.03246423
2435.40   1.03246423
2436.40   1.03246423
2437.40   1.03246423
2438.40   1.03246423
2439.40   1.03246423
2440.40   1.03246423
2441.40   1.03246423
2442.40   1.03246423
2443.40   1.03246423
2444.40   1.03246423
2445.40   1.03246423
2446.40   1.03246423
2447.40   1.03246423
2448.40   1.03246423
2449.40   1.03246423
2450.40   1.03246423
2451.40   1.03246423
2452.40   1.03246423
2453.40   1.03246423
2454.41   1.03246423
2455.41   1.03246423
2456.41   1.03246423
2457.41   1.03246423
2458.41   1.03246423
2459.41   1.03246423
2460.41   1.03246423
2461.41   1.03246423
2462.41   1.03246423
2463.41   1.03246423
2464.41   1.03246423
2465.41   1.03246423
2466.41   1.03246423
2467.41   1.03246423
2468.41   1.03246423
2469.41   1.03246423
2470.41   1.03246423
2471.41   1.03246423
2472.41   1.03246423
2473.41   1.03246423
2474.41   1.03246423
2475.41   1.03246423
2476.41   1.03246423
2477.41   1.03246423
2478.41   1.03246423
2479.41   1.03246423
2480.41   1.03246423
2481.41   1.03246423
2482.41   1.03246423
2483.41   1.03246423
2484.41   1.03246423
2485.41   1.03246423
2486.41   1.03246423
2487.41   1.03246423
2488.41   1.03246423
2489.41   1.03246423
2490.41   1.03246423
2491.41   1.06595068
2492.41   1.06595068
2493.41   1.06595068
2494.41   1.06595068
2495.41   1.06595068
2496.41   1.06595068
2497.41   1.06595068
2498.41   1.06595068
2499.41   1.06595068
2500.41   1.06595068
2501.41   1.06595068
2502.41   1.06595068
2503.41   1.06595068
2504.41   1.06595068
2505.41   1.06595068
2506.41   1.06595068
2507.41   1.06595068
2508.41   1.06595068
2509.41   1.06595068
2510.41   1.06595068
2511.41   1.06595068
2512.41   1.06595068
2513.41   1.06595068
2514.42   1.06595068
2515.42   1.06595068
2516.42   1.06595068
2517.42   1.06595068
2518.42   1.06595068
2519.42   1.06595068
2520.42   1.06595068
2521.42   1.06595068
2522.42   1.06595068
2523.42   1.06595068
2524.42   1.06595068
2525.42   1.06595068
2526.42   1.06595068
2527.42   1.06595068
2528.42   1.06595068
2529.42   1.06595068
2530.42   1.06595068
2531.42   1.06595068
2532.42   1.06595068
2533.42   1.06595068
2534.42   1.06595068
2535.42   1.06595068
2536.42   1.06595068
2537.42   1.06595068
2538.42   1.06595068
2539.42   1.06595068
2540.42   1.06595068
2541.42   1.06595068
2542.42   1.06595068
2543.42   1.06595068
2544.42   1.06595068
2545.42   1.06595068
2546.42   1.06595068
2547.42   1.06595068
2548.42   1.06595068
2549.42   1.06595068
2550.42   1.06595068
2551.42   1.06595068
2552.42   1.06595068
2553.42   1.06595068
2554.42   1.06595068
2555.42   1.06595068
2556.42   1.06595068
2557.42   1.06595068
2558.42   1.06595068
2559.42   1.06595068
2560.42   1.06595068
2561.42   1.06595068
2562.42   1.06595068
2563.42   1.06595068
2564.42   1.06595068
2565.42   1.06595068
2566.42   1.06595068
2567.42   1.06595068
2568.42   1.06595068
2569.42   1.06595068
2570.42   1.06595068
2571.42   1.06595068
2572.42   1.06595068
2573.42   1.06595068
2574.42   1.06595068
2575.43   1.06595068
2576.43   1.06595068
2577.43   1.06595068
2578.43   1.06595068
2579.43   1.06595068
2580.43   1.06595068
2581.43   1.06595068
2582.43   1.06595068
2583.43   1.06595068
2584.43   1.06595068
2585.43   1.06595068
2586.43   1.06595068
2587.43   1.06595068
2588.43   1.06595068
2589.43   1.06595068
2590.43   1.06595068
2591.43   1.06595068
2592.43   1.06595068
2593.43   1.06595068
2594.43   1.06595068
2595.43   1.06595068
2596.43   1.06595068
2597.43   1.06595068
2598.43   1.06595068
2599.43   1.06595068
2600.43   1.06595068
2601.43   1.06595068
2602.43   1.06595068
2603.43   1.06595068
2604.43   1.06595068
2605.43   1.06595068
2606.43   1.06595068
2607.43   1.06595068
2608.43   1.06595068
2609.43   1.06595068
2610.43   1.06595068
2611.43   1.06595068
2612.43   1.06595068
2613.43   1.06595068
2614.43   1.06595068
2615.43   1.06595068
2616.43   1.06595068
2617.43   1.06595068
2618.43   1.06595068
2619.43   1.06595068
2620.43   1.06595068
2621.43   1.06595068
2622.43   1.06595068
2623.43   1.06595068
2624.43   1.06595068
2625.43   1.06595068
2626.43   1.06595068
2627.43   1.06595068
2628.43   1.06595068
2629.43   1.06595068
2630.43   1.06595068
2631.43   1.06595068
2632.43   1.06595068
2633.43   1.06595068
2634.43   1.06595068
2635.44   1.06595068
2636.44   1.06595068
2637.44   1.06595068
2638.44   1.06595068
2639.44   1.06595068
2640.44   1.06595068
2641.44   1.06595068
2642.44   1.06595068
2643.44   1.06595068
2644.44   1.06595068
2645.44   1.06595068
2646.44   1.06595068
2647.44   1.06595068
2648.44   1.06595068
2649.44   1.06595068
2650.44   1.06595068
2651.44   1.06595068
2652.44   1.06595068
2653.44   1.06595068
2654.44   1.06595068
2655.44   1.06595068
2656.44   1.06595068
2657.44   1.06595068
2658.44   1.06595068
2659.44   1.06595068
2660.44   1.06595068
2661.44   1.06595068
2662.44   1.06595068
2663.44   1.06595068
2664.44   1.06595068
2665.44   1.06595068
2666.44   1.06595068
2667.44   1.06595068
2668.44   1.06595068
2669.44   1.06595068
2670.44   1.06595068
2671.44   1.06595068
2672.44   1.06595068
2673.44   1.06595068
2674.44   1.06595068
2675.44   1.06595068
2676.44   1.06595068
2677.44   1.06595068
2678.44   1.06595068
2679.44   1.06595068
2680.44   1.06595068
2681.44   1.06595068
2682.44   1.06595068
2683.44   1.06595068
2684.44   1.06595068
2685.44   1.06595068
2686.44   1.06595068
2687.44   1.06595068
2688.44   1.06595068
2689.44   1.06595068
2690.44   1.06595068
2691.44   1.06595068
2692.44   1.06595068
2693.44   1.06595068
2694.44   1.06595068
2695.44   1.06595068
2696.45   1.06595068
2697.45   1.06595068
2698.45   1.06595068
2699.45   1.06595068
2700.45   1.06595068
2701.45   1.06595068
2702.45   1.06595068
2703.45   1.06595068
2704.45   1.06595068
2705.45   1.06595068
2706.45   1.06595068
2707.45   1.06595068
2708.45   1.06595068
2709.45   1.06595068
2710.45   1.06595068
2711.45   1.06595068
2712.45   1.06595068
2713.45   1.06595068
2714.45   1.06595068
2715.45   1.06595068
2716.45   1.06595068
2717.45   1.06595068
2718.45   1.06595068
2719.45   1.06595068
2720.45   1.06595068
2721.45   1.06595068
2722.45   1.06595068
2723.45   1.06595068
2724.45   1.06595068
2725.45   1.06595068
2726.45   1.06595068
2727.45   1.06595068
2728.45   1.06595068
2729.45   1.06595068
2730.45   1.06595068
2731.45   1.06595068
2732.45   1.06595068
2733.45   1.06595068
2734.45   1.06595068
2735.45   1.06595068
2736.45   1.06595068
2737.45   1.06595068
2738.45   1.06595068
2739.45   1.06595068
2740.45   1.06595068
2741.45   1.06595068
2742.45   1.06595068
2743.45   1.06595068
2744.45   1.06595068
2745.45   1.06595068
2746.45   1.06595068
2747.45   1.06595068
2748.45   1.06595068
2749.45   1.06595068
2750.45   1.06595068
2751.45   1.06595068
2752.45   1.06595068
2753.45   1.06595068
2754.45   1.06595068
2755.45   1.06595068
2756.46   1.06595068
2757.46   1.06595068
2758.46   1.06595068
2759.46   1.06595068
2760.46   1.06595068
2761.46   1.06595068
2762.46   1.06595068
2763.46   1.06595068
2764.46   1.06595068
2765.46   1.06595068
2766.46   1.06595068
2767.46   1.06595068
2768.46   1.06595068
2769.46   1.06595068
2770.46   1.06595068
2771.46   1.06595068
2772.46   1.06595068
2773.46   1.06595068
2774.46   1.06595068
2775.46   1.06595068
2776.46   1.06595068
2777.46   1.06595068
2778.4